Rozmiar układu: 6, precyzja obliczen: double
Macierz A:
1.000000 0.500000 0.333333 0.250000 0.200000 0.166667 
1.000000 0.333333 0.250000 0.200000 0.166667 0.142857 
1.000000 0.250000 0.200000 0.166667 0.142857 0.125000 
1.000000 0.200000 0.166667 0.142857 0.125000 0.111111 
1.000000 0.166667 0.142857 0.125000 0.111111 0.100000 
1.000000 0.142857 0.125000 0.111111 0.100000 0.090909 
Ustalone x:
-1.000000 1.000000 1.000000 1.000000 -1.000000 1.000000 
Wyliczone b:
0.050000 -0.240476 -0.401190 -0.504365 -0.576587 -0.630123 
Rozwiazanie wyznaczone metoda Gaussa:
-1.000000 1.000000 1.000000 1.000000 -1.000000 1.000000 
odległość wektorow:
3.92616e-10
