Rozmiar układu: 8, precyzja obliczen: double
Macierz A:
1.000000 0.500000 0.333333 0.250000 0.200000 0.166667 0.142857 0.125000 
1.000000 0.333333 0.250000 0.200000 0.166667 0.142857 0.125000 0.111111 
1.000000 0.250000 0.200000 0.166667 0.142857 0.125000 0.111111 0.100000 
1.000000 0.200000 0.166667 0.142857 0.125000 0.111111 0.100000 0.090909 
1.000000 0.166667 0.142857 0.125000 0.111111 0.100000 0.090909 0.083333 
1.000000 0.142857 0.125000 0.111111 0.100000 0.090909 0.083333 0.076923 
1.000000 0.125000 0.111111 0.100000 0.090909 0.083333 0.076923 0.071429 
1.000000 0.111111 0.100000 0.090909 0.083333 0.076923 0.071429 0.066667 
Ustalone x:
-1.000000 1.000000 1.000000 1.000000 -1.000000 1.000000 1.000000 -1.000000 
Wyliczone b:
0.067857 -0.226587 -0.390079 -0.495274 -0.569012 -0.623712 -0.665970 -0.699628 
Rozwiazanie wyznaczone metoda Gaussa:
-1.000000 1.000000 1.000000 1.000000 -1.000000 1.000000 1.000000 -1.000000 
odległość wektorow:
2.10799e-07
