Rozmiar układu: 13, precyzja obliczen: double
Macierz A:
1.000000 0.500000 0.333333 0.250000 0.200000 0.166667 0.142857 0.125000 0.111111 0.100000 0.090909 0.083333 0.076923 
1.000000 0.333333 0.250000 0.200000 0.166667 0.142857 0.125000 0.111111 0.100000 0.090909 0.083333 0.076923 0.071429 
1.000000 0.250000 0.200000 0.166667 0.142857 0.125000 0.111111 0.100000 0.090909 0.083333 0.076923 0.071429 0.066667 
1.000000 0.200000 0.166667 0.142857 0.125000 0.111111 0.100000 0.090909 0.083333 0.076923 0.071429 0.066667 0.062500 
1.000000 0.166667 0.142857 0.125000 0.111111 0.100000 0.090909 0.083333 0.076923 0.071429 0.066667 0.062500 0.058824 
1.000000 0.142857 0.125000 0.111111 0.100000 0.090909 0.083333 0.076923 0.071429 0.066667 0.062500 0.058824 0.055556 
1.000000 0.125000 0.111111 0.100000 0.090909 0.083333 0.076923 0.071429 0.066667 0.062500 0.058824 0.055556 0.052632 
1.000000 0.111111 0.100000 0.090909 0.083333 0.076923 0.071429 0.066667 0.062500 0.058824 0.055556 0.052632 0.050000 
1.000000 0.100000 0.090909 0.083333 0.076923 0.071429 0.066667 0.062500 0.058824 0.055556 0.052632 0.050000 0.047619 
1.000000 0.090909 0.083333 0.076923 0.071429 0.066667 0.062500 0.058824 0.055556 0.052632 0.050000 0.047619 0.045455 
1.000000 0.083333 0.076923 0.071429 0.066667 0.062500 0.058824 0.055556 0.052632 0.050000 0.047619 0.045455 0.043478 
1.000000 0.076923 0.071429 0.066667 0.062500 0.058824 0.055556 0.052632 0.050000 0.047619 0.045455 0.043478 0.041667 
1.000000 0.071429 0.066667 0.062500 0.058824 0.055556 0.052632 0.050000 0.047619 0.045455 0.043478 0.041667 0.040000 
Ustalone x:
-1.000000 1.000000 1.000000 1.000000 -1.000000 1.000000 1.000000 -1.000000 1.000000 -1.000000 1.000000 -1.000000 1.000000 
Wyliczone b:
0.163467 -0.139658 -0.310342 -0.421602 -0.500527 -0.559718 -0.605904 -0.643028 -0.673567 -0.699160 -0.720939 -0.739710 -0.756065 
Rozwiazanie wyznaczone metoda Gaussa:
-1.000000 0.999992 1.000594 0.985736 -0.834703 -0.090532 5.460444 -12.826579 21.682726 -24.682471 18.076420 -8.032560 2.260936 
odległość wektorow:
23.6825
