Rozmiar układu: 10, precyzja obliczen: double
Macierz A:
1.000000 0.500000 0.333333 0.250000 0.200000 0.166667 0.142857 0.125000 0.111111 0.100000 
1.000000 0.333333 0.250000 0.200000 0.166667 0.142857 0.125000 0.111111 0.100000 0.090909 
1.000000 0.250000 0.200000 0.166667 0.142857 0.125000 0.111111 0.100000 0.090909 0.083333 
1.000000 0.200000 0.166667 0.142857 0.125000 0.111111 0.100000 0.090909 0.083333 0.076923 
1.000000 0.166667 0.142857 0.125000 0.111111 0.100000 0.090909 0.083333 0.076923 0.071429 
1.000000 0.142857 0.125000 0.111111 0.100000 0.090909 0.083333 0.076923 0.071429 0.066667 
1.000000 0.125000 0.111111 0.100000 0.090909 0.083333 0.076923 0.071429 0.066667 0.062500 
1.000000 0.111111 0.100000 0.090909 0.083333 0.076923 0.071429 0.066667 0.062500 0.058824 
1.000000 0.100000 0.090909 0.083333 0.076923 0.071429 0.066667 0.062500 0.058824 0.055556 
1.000000 0.090909 0.083333 0.076923 0.071429 0.066667 0.062500 0.058824 0.055556 0.052632 
Ustalone x:
-1.000000 1.000000 1.000000 1.000000 -1.000000 1.000000 1.000000 -1.000000 1.000000 -1.000000 
Wyliczone b:
0.078968 -0.217496 -0.382504 -0.488864 -0.563517 -0.618950 -0.661803 -0.695952 -0.723817 -0.746996 
Rozwiazanie wyznaczone metoda Gaussa:
-1.000000 1.000000 1.000000 0.999996 -0.999976 0.999918 1.000162 -1.000184 1.000111 -1.000028 
odległość wektorow:
0.00018431
