Rozmiar układu: 11, precyzja obliczen: double
Macierz A:
1.000000 0.500000 0.333333 0.250000 0.200000 0.166667 0.142857 0.125000 0.111111 0.100000 0.090909 
1.000000 0.333333 0.250000 0.200000 0.166667 0.142857 0.125000 0.111111 0.100000 0.090909 0.083333 
1.000000 0.250000 0.200000 0.166667 0.142857 0.125000 0.111111 0.100000 0.090909 0.083333 0.076923 
1.000000 0.200000 0.166667 0.142857 0.125000 0.111111 0.100000 0.090909 0.083333 0.076923 0.071429 
1.000000 0.166667 0.142857 0.125000 0.111111 0.100000 0.090909 0.083333 0.076923 0.071429 0.066667 
1.000000 0.142857 0.125000 0.111111 0.100000 0.090909 0.083333 0.076923 0.071429 0.066667 0.062500 
1.000000 0.125000 0.111111 0.100000 0.090909 0.083333 0.076923 0.071429 0.066667 0.062500 0.058824 
1.000000 0.111111 0.100000 0.090909 0.083333 0.076923 0.071429 0.066667 0.062500 0.058824 0.055556 
1.000000 0.100000 0.090909 0.083333 0.076923 0.071429 0.066667 0.062500 0.058824 0.055556 0.052632 
1.000000 0.090909 0.083333 0.076923 0.071429 0.066667 0.062500 0.058824 0.055556 0.052632 0.050000 
1.000000 0.083333 0.076923 0.071429 0.066667 0.062500 0.058824 0.055556 0.052632 0.050000 0.047619 
Ustalone x:
-1.000000 1.000000 1.000000 1.000000 -1.000000 1.000000 1.000000 -1.000000 1.000000 -1.000000 1.000000 
Wyliczone b:
0.169877 -0.134163 -0.305581 -0.417435 -0.496850 -0.556450 -0.602980 -0.640396 -0.671186 -0.696996 -0.718963 
Rozwiazanie wyznaczone metoda Gaussa:
-1.000000 1.000000 1.000001 0.999982 -0.999842 0.999253 1.002071 -1.003459 1.003423 -1.001846 1.000418 
odległość wektorow:
0.00345928
