Rozmiar układu: 4, precyzja obliczen: float
Macierz A:
1.000000 0.500000 0.333333 0.250000 
1.000000 0.333333 0.250000 0.200000 
1.000000 0.250000 0.200000 0.166667 
1.000000 0.200000 0.166667 0.142857 
Ustalone x:
-1.000000 1.000000 1.000000 1.000000 
Wyliczone b:
0.083333 -0.216667 -0.383333 -0.490476 
Rozwiazanie wyznaczone metoda Gaussa:
-0.999996 0.999942 1.000270 0.999742 
odległość wektorow:
0.000270009
Rozmiar układu: 5, precyzja obliczen: float
Macierz A:
1.000000 0.500000 0.333333 0.250000 0.200000 
1.000000 0.333333 0.250000 0.200000 0.166667 
1.000000 0.250000 0.200000 0.166667 0.142857 
1.000000 0.200000 0.166667 0.142857 0.125000 
1.000000 0.166667 0.142857 0.125000 0.111111 
Ustalone x:
-1.000000 1.000000 1.000000 1.000000 -1.000000 
Wyliczone b:
-0.116667 -0.383333 -0.526190 -0.615476 -0.676587 
Rozwiazanie wyznaczone metoda Gaussa:
-0.999999 1.000062 0.999498 1.001079 -1.000674 
odległość wektorow:
0.00107872
Rozmiar układu: 6, precyzja obliczen: float
Macierz A:
1.000000 0.500000 0.333333 0.250000 0.200000 0.166667 
1.000000 0.333333 0.250000 0.200000 0.166667 0.142857 
1.000000 0.250000 0.200000 0.166667 0.142857 0.125000 
1.000000 0.200000 0.166667 0.142857 0.125000 0.111111 
1.000000 0.166667 0.142857 0.125000 0.111111 0.100000 
1.000000 0.142857 0.125000 0.111111 0.100000 0.090909 
Ustalone x:
-1.000000 1.000000 1.000000 1.000000 -1.000000 1.000000 
Wyliczone b:
0.050000 -0.240476 -0.401190 -0.504365 -0.576587 -0.630123 
Rozwiazanie wyznaczone metoda Gaussa:
-1.000014 1.000487 0.993228 1.026767 -1.039678 1.019627 
odległość wektorow:
0.0396776
Rozmiar układu: 6, precyzja obliczen: float
Macierz A:
1.000000 0.500000 0.333333 0.250000 0.200000 0.166667 
1.000000 0.333333 0.250000 0.200000 0.166667 0.142857 
1.000000 0.250000 0.200000 0.166667 0.142857 0.125000 
1.000000 0.200000 0.166667 0.142857 0.125000 0.111111 
1.000000 0.166667 0.142857 0.125000 0.111111 0.100000 
1.000000 0.142857 0.125000 0.111111 0.100000 0.090909 
Ustalone x:
-1.000000 1.000000 1.000000 1.000000 -1.000000 1.000000 
Wyliczone b:
0.050000 -0.240476 -0.401190 -0.504365 -0.576587 -0.630123 
Rozwiazanie wyznaczone metoda Gaussa:
-1.000014 1.000487 0.993228 1.026767 -1.039678 1.019627 
odległość wektorow:
0.0396776
Rozmiar układu: 6, precyzja obliczen: float
Macierz A:
1.000000 0.500000 0.333333 0.250000 0.200000 0.166667 
1.000000 0.333333 0.250000 0.200000 0.166667 0.142857 
1.000000 0.250000 0.200000 0.166667 0.142857 0.125000 
1.000000 0.200000 0.166667 0.142857 0.125000 0.111111 
1.000000 0.166667 0.142857 0.125000 0.111111 0.100000 
1.000000 0.142857 0.125000 0.111111 0.100000 0.090909 
Ustalone x:
-1.000000 1.000000 1.000000 1.000000 -1.000000 1.000000 
Wyliczone b:
0.050000 -0.240476 -0.401190 -0.504365 -0.576587 -0.630123 
Rozwiazanie wyznaczone metoda Gaussa:
-1.000014 1.000487 0.993228 1.026767 -1.039678 1.019627 
odległość wektorow:
0.0396776
Rozmiar układu: 7, precyzja obliczen: float
Macierz A:
1.000000 0.500000 0.333333 0.250000 0.200000 0.166667 0.142857 
1.000000 0.333333 0.250000 0.200000 0.166667 0.142857 0.125000 
1.000000 0.250000 0.200000 0.166667 0.142857 0.125000 0.111111 
1.000000 0.200000 0.166667 0.142857 0.125000 0.111111 0.100000 
1.000000 0.166667 0.142857 0.125000 0.111111 0.100000 0.090909 
1.000000 0.142857 0.125000 0.111111 0.100000 0.090909 0.083333 
1.000000 0.125000 0.111111 0.100000 0.090909 0.083333 0.076923 
Ustalone x:
-1.000000 1.000000 1.000000 1.000000 -1.000000 1.000000 1.000000 
Wyliczone b:
0.192857 -0.115476 -0.290079 -0.404365 -0.485678 -0.546789 -0.594542 
Rozwiazanie wyznaczone metoda Gaussa:
-0.997404 1.162618 -2.066939 18.621830 -43.608749 46.641525 -16.865538 
odległość wektorow:
45.6415
Rozmiar układu: 7, precyzja obliczen: float
Macierz A:
1.000000 0.500000 0.333333 0.250000 0.200000 0.166667 0.142857 
1.000000 0.333333 0.250000 0.200000 0.166667 0.142857 0.125000 
1.000000 0.250000 0.200000 0.166667 0.142857 0.125000 0.111111 
1.000000 0.200000 0.166667 0.142857 0.125000 0.111111 0.100000 
1.000000 0.166667 0.142857 0.125000 0.111111 0.100000 0.090909 
1.000000 0.142857 0.125000 0.111111 0.100000 0.090909 0.083333 
1.000000 0.125000 0.111111 0.100000 0.090909 0.083333 0.076923 
Ustalone x:
-1.000000 1.000000 1.000000 1.000000 -1.000000 1.000000 1.000000 
Wyliczone b:
0.192857 -0.115476 -0.290079 -0.404365 -0.485678 -0.546789 -0.594542 
Rozwiazanie wyznaczone metoda Gaussa:
-0.997404 1.162618 -2.066939 18.621830 -43.608749 46.641525 -16.865538 
odległość wektorow:
45.6415
Rozmiar układu: 9, precyzja obliczen: float
Macierz A:
1.000000 0.500000 0.333333 0.250000 0.200000 0.166667 0.142857 0.125000 0.111111 
1.000000 0.333333 0.250000 0.200000 0.166667 0.142857 0.125000 0.111111 0.100000 
1.000000 0.250000 0.200000 0.166667 0.142857 0.125000 0.111111 0.100000 0.090909 
1.000000 0.200000 0.166667 0.142857 0.125000 0.111111 0.100000 0.090909 0.083333 
1.000000 0.166667 0.142857 0.125000 0.111111 0.100000 0.090909 0.083333 0.076923 
1.000000 0.142857 0.125000 0.111111 0.100000 0.090909 0.083333 0.076923 0.071429 
1.000000 0.125000 0.111111 0.100000 0.090909 0.083333 0.076923 0.071429 0.066667 
1.000000 0.111111 0.100000 0.090909 0.083333 0.076923 0.071429 0.066667 0.062500 
1.000000 0.100000 0.090909 0.083333 0.076923 0.071429 0.066667 0.062500 0.058824 
Ustalone x:
-1.000000 1.000000 1.000000 1.000000 -1.000000 1.000000 1.000000 -1.000000 1.000000 
Wyliczone b:
0.178968 -0.126587 -0.299170 -0.411941 -0.492088 -0.552284 -0.599303 -0.637128 -0.668262 
Rozwiazanie wyznaczone metoda Gaussa:
-1.000286 0.899407 3.176897 -14.886253 54.811069 -106.332558 117.659149 -68.758247 17.445215 
odległość wektorow:
116.659
Rozmiar układu: 10, precyzja obliczen: float
Macierz A:
1.000000 0.500000 0.333333 0.250000 0.200000 0.166667 0.142857 0.125000 0.111111 0.100000 
1.000000 0.333333 0.250000 0.200000 0.166667 0.142857 0.125000 0.111111 0.100000 0.090909 
1.000000 0.250000 0.200000 0.166667 0.142857 0.125000 0.111111 0.100000 0.090909 0.083333 
1.000000 0.200000 0.166667 0.142857 0.125000 0.111111 0.100000 0.090909 0.083333 0.076923 
1.000000 0.166667 0.142857 0.125000 0.111111 0.100000 0.090909 0.083333 0.076923 0.071429 
1.000000 0.142857 0.125000 0.111111 0.100000 0.090909 0.083333 0.076923 0.071429 0.066667 
1.000000 0.125000 0.111111 0.100000 0.090909 0.083333 0.076923 0.071429 0.066667 0.062500 
1.000000 0.111111 0.100000 0.090909 0.083333 0.076923 0.071429 0.066667 0.062500 0.058824 
1.000000 0.100000 0.090909 0.083333 0.076923 0.071429 0.066667 0.062500 0.058824 0.055556 
1.000000 0.090909 0.083333 0.076923 0.071429 0.066667 0.062500 0.058824 0.055556 0.052632 
Ustalone x:
-1.000000 1.000000 1.000000 1.000000 -1.000000 1.000000 1.000000 -1.000000 1.000000 -1.000000 
Wyliczone b:
0.078968 -0.217496 -0.382504 -0.488864 -0.563517 -0.618950 -0.661803 -0.695952 -0.723817 -0.746996 
Rozwiazanie wyznaczone metoda Gaussa:
-0.999462 0.983883 1.258931 0.406780 -4.960436 18.970432 -17.233358 -16.629002 37.763344 -17.598948 
odległość wektorow:
36.7633
Rozmiar układu: 11, precyzja obliczen: float
Macierz A:
1.000000 0.500000 0.333333 0.250000 0.200000 0.166667 0.142857 0.125000 0.111111 0.100000 0.090909 
1.000000 0.333333 0.250000 0.200000 0.166667 0.142857 0.125000 0.111111 0.100000 0.090909 0.083333 
1.000000 0.250000 0.200000 0.166667 0.142857 0.125000 0.111111 0.100000 0.090909 0.083333 0.076923 
1.000000 0.200000 0.166667 0.142857 0.125000 0.111111 0.100000 0.090909 0.083333 0.076923 0.071429 
1.000000 0.166667 0.142857 0.125000 0.111111 0.100000 0.090909 0.083333 0.076923 0.071429 0.066667 
1.000000 0.142857 0.125000 0.111111 0.100000 0.090909 0.083333 0.076923 0.071429 0.066667 0.062500 
1.000000 0.125000 0.111111 0.100000 0.090909 0.083333 0.076923 0.071429 0.066667 0.062500 0.058824 
1.000000 0.111111 0.100000 0.090909 0.083333 0.076923 0.071429 0.066667 0.062500 0.058824 0.055556 
1.000000 0.100000 0.090909 0.083333 0.076923 0.071429 0.066667 0.062500 0.058824 0.055556 0.052632 
1.000000 0.090909 0.083333 0.076923 0.071429 0.066667 0.062500 0.058824 0.055556 0.052632 0.050000 
1.000000 0.083333 0.076923 0.071429 0.066667 0.062500 0.058824 0.055556 0.052632 0.050000 0.047619 
Ustalone x:
-1.000000 1.000000 1.000000 1.000000 -1.000000 1.000000 1.000000 -1.000000 1.000000 -1.000000 1.000000 
Wyliczone b:
0.169877 -0.134163 -0.305581 -0.417435 -0.496850 -0.556450 -0.602980 -0.640396 -0.671186 -0.696996 -0.718963 
Rozwiazanie wyznaczone metoda Gaussa:
-0.998217 1.025149 0.343539 6.517135 -18.194914 3.112533 98.966690 -199.859879 129.562027 8.840374 -26.438307 
odległość wektorow:
198.86
Rozmiar układu: 12, precyzja obliczen: float
Macierz A:
1.000000 0.500000 0.333333 0.250000 0.200000 0.166667 0.142857 0.125000 0.111111 0.100000 0.090909 0.083333 
1.000000 0.333333 0.250000 0.200000 0.166667 0.142857 0.125000 0.111111 0.100000 0.090909 0.083333 0.076923 
1.000000 0.250000 0.200000 0.166667 0.142857 0.125000 0.111111 0.100000 0.090909 0.083333 0.076923 0.071429 
1.000000 0.200000 0.166667 0.142857 0.125000 0.111111 0.100000 0.090909 0.083333 0.076923 0.071429 0.066667 
1.000000 0.166667 0.142857 0.125000 0.111111 0.100000 0.090909 0.083333 0.076923 0.071429 0.066667 0.062500 
1.000000 0.142857 0.125000 0.111111 0.100000 0.090909 0.083333 0.076923 0.071429 0.066667 0.062500 0.058824 
1.000000 0.125000 0.111111 0.100000 0.090909 0.083333 0.076923 0.071429 0.066667 0.062500 0.058824 0.055556 
1.000000 0.111111 0.100000 0.090909 0.083333 0.076923 0.071429 0.066667 0.062500 0.058824 0.055556 0.052632 
1.000000 0.100000 0.090909 0.083333 0.076923 0.071429 0.066667 0.062500 0.058824 0.055556 0.052632 0.050000 
1.000000 0.090909 0.083333 0.076923 0.071429 0.066667 0.062500 0.058824 0.055556 0.052632 0.050000 0.047619 
1.000000 0.083333 0.076923 0.071429 0.066667 0.062500 0.058824 0.055556 0.052632 0.050000 0.047619 0.045455 
1.000000 0.076923 0.071429 0.066667 0.062500 0.058824 0.055556 0.052632 0.050000 0.047619 0.045455 0.043478 
Ustalone x:
-1.000000 1.000000 1.000000 1.000000 -1.000000 1.000000 1.000000 -1.000000 1.000000 -1.000000 1.000000 -1.000000 
Wyliczone b:
0.086544 -0.211086 -0.377009 -0.484102 -0.559350 -0.615274 -0.658536 -0.693028 -0.721186 -0.744615 -0.764418 -0.781377 
Rozwiazanie wyznaczone metoda Gaussa:
-0.999038 0.943350 2.045147 -4.522095 9.843314 -7.255790 10.321639 -15.582775 -15.349953 48.469082 -26.314384 0.330433 
odległość wektorow:
49.4691
Rozmiar układu: 13, precyzja obliczen: float
Macierz A:
1.000000 0.500000 0.333333 0.250000 0.200000 0.166667 0.142857 0.125000 0.111111 0.100000 0.090909 0.083333 0.076923 
1.000000 0.333333 0.250000 0.200000 0.166667 0.142857 0.125000 0.111111 0.100000 0.090909 0.083333 0.076923 0.071429 
1.000000 0.250000 0.200000 0.166667 0.142857 0.125000 0.111111 0.100000 0.090909 0.083333 0.076923 0.071429 0.066667 
1.000000 0.200000 0.166667 0.142857 0.125000 0.111111 0.100000 0.090909 0.083333 0.076923 0.071429 0.066667 0.062500 
1.000000 0.166667 0.142857 0.125000 0.111111 0.100000 0.090909 0.083333 0.076923 0.071429 0.066667 0.062500 0.058824 
1.000000 0.142857 0.125000 0.111111 0.100000 0.090909 0.083333 0.076923 0.071429 0.066667 0.062500 0.058824 0.055556 
1.000000 0.125000 0.111111 0.100000 0.090909 0.083333 0.076923 0.071429 0.066667 0.062500 0.058824 0.055556 0.052632 
1.000000 0.111111 0.100000 0.090909 0.083333 0.076923 0.071429 0.066667 0.062500 0.058824 0.055556 0.052632 0.050000 
1.000000 0.100000 0.090909 0.083333 0.076923 0.071429 0.066667 0.062500 0.058824 0.055556 0.052632 0.050000 0.047619 
1.000000 0.090909 0.083333 0.076923 0.071429 0.066667 0.062500 0.058824 0.055556 0.052632 0.050000 0.047619 0.045455 
1.000000 0.083333 0.076923 0.071429 0.066667 0.062500 0.058824 0.055556 0.052632 0.050000 0.047619 0.045455 0.043478 
1.000000 0.076923 0.071429 0.066667 0.062500 0.058824 0.055556 0.052632 0.050000 0.047619 0.045455 0.043478 0.041667 
1.000000 0.071429 0.066667 0.062500 0.058824 0.055556 0.052632 0.050000 0.047619 0.045455 0.043478 0.041667 0.040000 
Ustalone x:
-1.000000 1.000000 1.000000 1.000000 -1.000000 1.000000 1.000000 -1.000000 1.000000 -1.000000 1.000000 -1.000000 1.000000 
Wyliczone b:
0.163467 -0.139658 -0.310342 -0.421602 -0.500527 -0.559718 -0.605904 -0.643028 -0.673567 -0.699160 -0.720939 -0.739710 -0.756065 
Rozwiazanie wyznaczone metoda Gaussa:
-1.002171 1.115467 -1.137973 12.421963 -23.370131 9.607916 30.663746 -76.419907 126.073822 -125.192085 81.480782 -59.241718 28.169315 
odległość wektorow:
125.074
Rozmiar układu: 8, precyzja obliczen: float
Macierz A:
1.000000 0.500000 0.333333 0.250000 0.200000 0.166667 0.142857 0.125000 
1.000000 0.333333 0.250000 0.200000 0.166667 0.142857 0.125000 0.111111 
1.000000 0.250000 0.200000 0.166667 0.142857 0.125000 0.111111 0.100000 
1.000000 0.200000 0.166667 0.142857 0.125000 0.111111 0.100000 0.090909 
1.000000 0.166667 0.142857 0.125000 0.111111 0.100000 0.090909 0.083333 
1.000000 0.142857 0.125000 0.111111 0.100000 0.090909 0.083333 0.076923 
1.000000 0.125000 0.111111 0.100000 0.090909 0.083333 0.076923 0.071429 
1.000000 0.111111 0.100000 0.090909 0.083333 0.076923 0.071429 0.066667 
Ustalone x:
-1.000000 1.000000 1.000000 1.000000 -1.000000 1.000000 1.000000 -1.000000 
Wyliczone b:
0.067857 -0.226587 -0.390079 -0.495274 -0.569012 -0.623712 -0.665970 -0.699628 
Rozwiazanie wyznaczone metoda Gaussa:
-0.999945 0.992899 1.156642 -0.129882 2.727043 -5.198388 6.058005 -2.609313 
odległość wektorow:
6.19839
