Rozmiar układu: 12, precyzja obliczen: double
Macierz A:
1.000000 0.500000 0.333333 0.250000 0.200000 0.166667 0.142857 0.125000 0.111111 0.100000 0.090909 0.083333 
1.000000 0.333333 0.250000 0.200000 0.166667 0.142857 0.125000 0.111111 0.100000 0.090909 0.083333 0.076923 
1.000000 0.250000 0.200000 0.166667 0.142857 0.125000 0.111111 0.100000 0.090909 0.083333 0.076923 0.071429 
1.000000 0.200000 0.166667 0.142857 0.125000 0.111111 0.100000 0.090909 0.083333 0.076923 0.071429 0.066667 
1.000000 0.166667 0.142857 0.125000 0.111111 0.100000 0.090909 0.083333 0.076923 0.071429 0.066667 0.062500 
1.000000 0.142857 0.125000 0.111111 0.100000 0.090909 0.083333 0.076923 0.071429 0.066667 0.062500 0.058824 
1.000000 0.125000 0.111111 0.100000 0.090909 0.083333 0.076923 0.071429 0.066667 0.062500 0.058824 0.055556 
1.000000 0.111111 0.100000 0.090909 0.083333 0.076923 0.071429 0.066667 0.062500 0.058824 0.055556 0.052632 
1.000000 0.100000 0.090909 0.083333 0.076923 0.071429 0.066667 0.062500 0.058824 0.055556 0.052632 0.050000 
1.000000 0.090909 0.083333 0.076923 0.071429 0.066667 0.062500 0.058824 0.055556 0.052632 0.050000 0.047619 
1.000000 0.083333 0.076923 0.071429 0.066667 0.062500 0.058824 0.055556 0.052632 0.050000 0.047619 0.045455 
1.000000 0.076923 0.071429 0.066667 0.062500 0.058824 0.055556 0.052632 0.050000 0.047619 0.045455 0.043478 
Ustalone x:
-1.000000 1.000000 1.000000 1.000000 -1.000000 1.000000 1.000000 -1.000000 1.000000 -1.000000 1.000000 -1.000000 
Wyliczone b:
0.086544 -0.211086 -0.377009 -0.484102 -0.559350 -0.615274 -0.658536 -0.693028 -0.721186 -0.744615 -0.764418 -0.781377 
Rozwiazanie wyznaczone metoda Gaussa:
-1.000000 0.999999 1.000046 0.999046 -0.990604 0.948077 1.174485 -1.370045 1.497585 -1.411229 1.190475 -1.037837 
odległość wektorow:
0.497585
Rozmiar układu: 7, precyzja obliczen: double
Macierz A:
1.000000 0.500000 0.333333 0.250000 0.200000 0.166667 0.142857 
1.000000 0.333333 0.250000 0.200000 0.166667 0.142857 0.125000 
1.000000 0.250000 0.200000 0.166667 0.142857 0.125000 0.111111 
1.000000 0.200000 0.166667 0.142857 0.125000 0.111111 0.100000 
1.000000 0.166667 0.142857 0.125000 0.111111 0.100000 0.090909 
1.000000 0.142857 0.125000 0.111111 0.100000 0.090909 0.083333 
1.000000 0.125000 0.111111 0.100000 0.090909 0.083333 0.076923 
Ustalone x:
-1.000000 1.000000 1.000000 1.000000 -1.000000 1.000000 1.000000 
Wyliczone b:
0.192857 -0.115476 -0.290079 -0.404365 -0.485678 -0.546789 -0.594542 
Rozwiazanie wyznaczone metoda Gaussa:
-1.000000 1.000000 1.000000 1.000000 -1.000000 1.000000 1.000000 
odległość wektorow:
1.42941e-08
Rozmiar układu: 9, precyzja obliczen: double
Macierz A:
1.000000 0.500000 0.333333 0.250000 0.200000 0.166667 0.142857 0.125000 0.111111 
1.000000 0.333333 0.250000 0.200000 0.166667 0.142857 0.125000 0.111111 0.100000 
1.000000 0.250000 0.200000 0.166667 0.142857 0.125000 0.111111 0.100000 0.090909 
1.000000 0.200000 0.166667 0.142857 0.125000 0.111111 0.100000 0.090909 0.083333 
1.000000 0.166667 0.142857 0.125000 0.111111 0.100000 0.090909 0.083333 0.076923 
1.000000 0.142857 0.125000 0.111111 0.100000 0.090909 0.083333 0.076923 0.071429 
1.000000 0.125000 0.111111 0.100000 0.090909 0.083333 0.076923 0.071429 0.066667 
1.000000 0.111111 0.100000 0.090909 0.083333 0.076923 0.071429 0.066667 0.062500 
1.000000 0.100000 0.090909 0.083333 0.076923 0.071429 0.066667 0.062500 0.058824 
Ustalone x:
-1.000000 1.000000 1.000000 1.000000 -1.000000 1.000000 1.000000 -1.000000 1.000000 
Wyliczone b:
0.178968 -0.126587 -0.299170 -0.411941 -0.492088 -0.552284 -0.599303 -0.637128 -0.668262 
Rozwiazanie wyznaczone metoda Gaussa:
-1.000000 1.000000 1.000000 1.000000 -1.000002 1.000006 0.999992 -0.999994 0.999998 
odległość wektorow:
8.09344e-06
